63,47,70,4,1
47,63,70,3,-1
40,100,21.8,1,-1
100,40,21.8,2,1
70,54,61.9,2,-1
54,70,61.9,3,1
44,37,56.7,1,-1
37,44,56.7,3,1
49,33,61.6,1,-1
33,49,61.6,4,1
42,36,44.6,2,-1
36,42,44.6,3,1
75,31,54.4,3,1
31,75,54.4,1,-1
44,54,71.3,2,1
54,44,71.3,1,-1
37,44,52.7,1,-1
44,37,52.7,2,1
40,44,54.8,1,0
44,40,54.8,1,0
49,33,34.6,1,0
33,49,34.6,1,0
63,37,77.1,1,0
37,63,77.1,1,0
47,75,40.2,1,-1
75,47,40.2,4,1
63,54,51.4,1,0
54,63,51.4,1,0
81,47,69.1,2,-1
47,81,69.1,4,1
49,42,50.8,3,1
42,49,50.8,2,-1
33,77,57.9,1,0
77,33,57.9,1,0
54,77,32.7,1,-1
77,54,32.7,6,1
31,33,42.8,1,0
33,31,42.8,1,0
33,31,41,4,1
31,33,41,3,-1
44,70,41.6,1,-1
70,44,41.6,2,1
63,31,69.1,2,-1
31,63,69.1,3,1
31,40,51.4,1,0
40,31,51.4,1,0
44,44,51.2,1,0
44,44,51.2,1,0
100,54,70.2,2,-1
54,100,70.2,3,1
70,49,56.7,2,0
49,70,56.7,2,0
44,47,49.4,1,0
47,44,49.4,1,0
70,44,59.6,2,0
44,70,59.6,2,0
47,75,43.3,2,-1
75,47,43.3,3,1
100,75,66.1,5,1
75,100,66.1,2,-1
63,36,67.6,5,1
36,63,67.6,2,-1
37,81,22.1,2,1
81,37,22.1,1,-1
33,81,36.8,2,0
81,33,36.8,2,0
100,54,77.4,3,1
54,100,77.4,1,-1
44,44,55.3,1,0
44,44,55.3,1,0
31,44,34.3,1,-1
44,31,34.3,2,1
33,47,55.8,1,-1
47,33,55.8,2,1
77,75,36.2,4,1
75,77,36.2,1,-1
42,63,65,3,1
63,42,65,2,-1
33,100,27.1,1,-1
100,33,27.1,5,1
44,37,28.1,2,1
37,44,28.1,1,-1
36,44,60.6,1,-1
44,36,60.6,2,1
40,40,37.5,1,0
40,40,37.5,1,0
36,33,48.1,1,-1
33,36,48.1,4,1
54,44,47.1,1,0
44,54,47.1,1,0
41,44,49.2,2,0
44,41,49.2,2,0
42,42,44.1,2,0
42,42,44.1,2,0
77,47,51.1,3,1
47,77,51.1,2,-1
49,40,59.6,2,-1
40,49,59.6,3,1
37,77,26.6,1,0
77,37,26.6,1,0
41,49,70.2,1,0
49,41,70.2,1,0
31,100,21.7,2,-1
100,31,21.7,3,1
37,70,40.5,4,1
70,37,40.5,1,-1
81,44,46,4,1
44,81,46,3,-1
41,44,62.1,2,1
44,41,62.1,1,-1
75,37,67.8,1,0
37,75,67.8,1,0
31,36,49.9,2,1
36,31,49.9,1,-1
31,41,34.9,2,0
41,31,34.9,2,0
42,33,43.2,1,0
33,42,43.2,1,0
49,54,53.1,1,0
54,49,53.1,1,0
42,44,37.9,1,-1
44,42,37.9,2,1
70,47,57,1,0
47,70,57,1,0
31,75,43,1,-1
75,31,43,7,1
33,36,20.7,2,0
36,33,20.7,2,0
44,33,38.2,2,0
33,44,38.2,2,0
37,54,59.8,1,-1
54,37,59.8,2,1
33,47,60.8,1,0
47,33,60.8,1,0
100,42,77,2,1
42,100,77,1,-1
44,49,68.7,2,0
49,44,68.7,2,0
63,37,70.3,5,1
37,63,70.3,2,-1
33,47,55.9,1,-1
47,33,55.9,2,1
44,54,62.1,1,-1
54,44,62.1,2,1
41,77,50.5,1,0
77,41,50.5,1,0
75,36,61.1,3,-1
36,75,61.1,4,1
44,47,35.3,1,-1
47,44,35.3,2,1
77,54,62.6,1,0
54,77,62.6,1,0
41,42,51,2,0
42,41,51,2,0
81,100,40.6,4,1
100,81,40.6,3,-1
63,44,41.8,1,-1
44,63,41.8,2,1
44,31,54.9,2,-1
31,44,54.9,4,1
31,44,47.9,2,0
44,31,47.9,2,0
44,37,48,1,-1
37,44,48,2,1
40,70,41.6,1,0
70,40,41.6,1,0
33,75,38.9,1,0
75,33,38.9,1,0
49,44,20.6,1,-1
44,49,20.6,2,1
33,49,46,1,-1
49,33,46,4,1
42,47,56.1,2,0
47,42,56.1,2,0
81,100,35.4,1,-1
100,81,35.4,2,1
37,100,20.5,1,-1
100,37,20.5,2,1
100,36,74.3,2,1
36,100,74.3,1,-1
33,44,56.1,1,-1
44,33,56.1,2,1
47,75,62.2,3,1
75,47,62.2,1,-1
70,33,46.5,1,-1
33,70,46.5,3,1
77,44,68.4,1,0
44,77,68.4,1,0
63,81,67,1,0
81,63,67,1,0
40,63,41.7,1,0
63,40,41.7,1,0
81,42,24.9,3,1
42,81,24.9,1,-1
75,33,52,4,1
33,75,52,1,-1
31,41,45.7,1,-1
41,31,45.7,3,1
44,36,47.8,1,0
36,44,47.8,1,0
63,77,42.1,2,-1
77,63,42.1,5,1
33,36,29.2,1,-1
36,33,29.2,4,1
49,40,32.8,1,0
40,49,32.8,1,0
75,44,57.2,5,1
44,75,57.2,4,-1
37,70,69.3,1,-1
70,37,69.3,3,1
44,40,34.4,1,-1
40,44,34.4,2,1
33,77,46.2,2,1
77,33,46.2,1,-1
31,49,27.5,1,-1
49,31,27.5,2,1
37,42,52.9,3,1
42,37,52.9,2,-1
54,33,51,1,0
33,54,51,1,0
70,33,64.2,3,-1
33,70,64.2,4,1
42,41,29.9,2,1
41,42,29.9,1,-1
81,44,56.4,1,0
44,81,56.4,1,0
36,47,53.4,1,-1
47,36,53.4,4,1
77,44,72.9,1,-1
44,77,72.9,2,1
63,77,53.9,1,-1
77,63,53.9,2,1
40,41,24.9,4,1
41,40,24.9,2,-1
75,76,50.7,3,-1
76,75,50.7,4,1
46,69,47.4,1,-1
69,46,47.4,3,1
40,93,47.5,1,-1
93,40,47.5,2,1
45,41,38.3,1,0
41,45,38.3,1,0
61,86,42.5,1,0
86,61,42.5,1,0
34,44,49.7,2,1
44,34,49.7,1,-1
78,24,76.9,2,1
24,78,76.9,1,-1
28,44,45.6,1,0
44,28,45.6,1,0
46,40,64.3,1,0
40,46,64.3,1,0
75,61,49.5,3,1
61,75,49.5,1,-1
40,45,44.7,1,-1
45,40,44.7,2,1
93,24,70.5,5,1
24,93,70.5,1,-1
34,86,34.7,1,-1
86,34,34.7,7,1
44,46,48.6,1,0
46,44,48.6,1,0
76,28,73.8,3,1
28,76,73.8,2,-1
41,41,41.2,1,-1
41,41,41.2,2,1
45,40,34.7,1,-1
40,45,34.7,5,1
44,40,39.5,2,1
40,44,39.5,1,-1
69,46,43.4,2,1
46,69,43.4,1,-1
78,24,57.5,4,1
24,78,57.5,1,-1
28,41,53.1,2,0
41,28,53.1,2,0
86,41,56.9,1,0
41,86,56.9,1,0
93,45,62.4,2,1
45,93,62.4,1,-1
61,45,66.4,2,1
45,61,66.4,1,-1
46,40,53.2,3,1
40,46,53.2,1,-1
46,61,40.6,1,0
61,46,40.6,1,0
44,34,45.1,1,0
34,44,45.1,1,0
44,41,52.2,2,1
41,44,52.2,1,-1
78,45,67.1,3,1
45,78,67.1,1,-1
46,24,63.8,1,0
24,46,63.8,1,0
86,76,49.3,1,0
76,86,49.3,1,0
40,75,45.3,1,-1
75,40,45.3,3,1
45,46,41,2,1
46,45,41,1,-1
46,45,63.5,1,0
45,46,63.5,1,0
34,76,61,1,-1
76,34,61,4,1
44,69,37.9,1,0
69,44,37.9,1,0
78,28,60.1,2,1
28,78,60.1,1,-1
41,44,42.3,2,-1
44,41,42.3,4,1
24,41,33.3,3,1
41,24,33.3,2,-1
93,45,55.1,2,0
45,93,55.1,2,0
40,93,42.1,4,1
93,40,42.1,1,-1
76,41,47.3,2,-1
41,76,47.3,4,1
44,61,43.5,1,-1
61,44,43.5,3,1
28,34,47.8,1,0
34,28,47.8,1,0
75,44,60.7,4,1
44,75,60.7,3,-1
40,78,41,1,-1
78,40,41,4,1
46,41,35.8,1,0
41,46,35.8,1,0
24,69,26.3,3,1
69,24,26.3,1,-1
45,45,29.6,4,1
45,45,29.6,2,-1
75,93,49.5,3,1
93,75,49.5,1,-1
61,40,47.2,2,-1
40,61,47.2,5,1
34,69,25.8,1,-1
69,34,25.8,4,1
44,28,32.7,1,0
28,44,32.7,1,0
86,44,58.4,2,1
44,86,58.4,1,-1
45,24,43.8,1,-1
24,45,43.8,2,1
41,41,55.4,3,1
41,41,55.4,1,-1
78,45,58.4,3,0
45,78,58.4,3,0
76,61,64.6,1,0
61,76,64.6,1,0
28,46,63.9,1,-1
46,28,63.9,3,1
40,44,35.4,1,-1
44,40,35.4,2,1
24,86,42.8,1,0
86,24,42.8,1,0
75,46,74.9,1,0
46,75,74.9,1,0
41,40,43.4,1,-1
40,41,43.4,2,1
61,34,65.1,1,-1
34,61,65.1,2,1
93,69,43.9,4,1
69,93,43.9,2,-1
69,44,67.2,1,0
44,69,67.2,1,0
44,41,44.6,3,1
41,44,44.6,1,-1
24,45,55.9,1,0
45,24,55.9,1,0
76,45,67.5,2,1
45,76,67.5,1,-1
41,76,40.6,1,-1
76,41,40.6,2,1
78,46,64.7,1,0
46,78,64.7,1,0
86,78,42.3,2,1
78,86,42.3,1,-1
41,46,53.8,2,0
46,41,53.8,2,0
45,24,64.4,1,0
24,45,64.4,1,0
28,41,59.7,1,-1
41,28,59.7,2,1
76,75,55.3,4,1
75,76,55.3,3,-1
41,61,51.3,2,0
61,41,51.3,2,0
45,34,50.7,6,1
34,45,50.7,1,-1
69,44,72.2,3,1
44,69,72.2,2,-1
46,46,59.6,1,-1
46,46,59.6,2,1
44,41,45.6,3,1
41,44,45.6,1,-1
24,75,34.2,1,-1
75,24,34.2,4,1
86,44,64.1,1,0
44,86,64.1,1,0
40,34,54.4,1,0
34,40,54.4,1,0
45,75,30.1,4,1
75,45,30.1,1,-1
86,46,54.3,1,0
46,86,54.3,1,0
24,40,30.2,2,-1
40,24,30.2,3,1
41,93,61.8,2,-1
93,41,61.8,5,1
61,28,39.9,2,0
28,61,39.9,2,0
76,40,59.6,6,1
40,76,59.6,1,-1
76,24,77.3,2,1
24,76,77.3,1,-1
28,69,29,1,0
69,28,29,1,0
45,41,31.6,1,0
41,45,31.6,1,0
69,46,62.8,3,1
46,69,62.8,1,-1
61,44,47.1,1,0
44,61,47.1,1,0
41,41,56.5,5,1
41,41,56.5,4,-1
41,78,38.3,1,-1
78,41,38.3,2,1
40,44,49.8,1,0
44,40,49.8,1,0
61,41,62.7,1,0
41,61,62.7,1,0
46,76,39.8,4,1
76,46,39.8,3,-1
69,75,45.5,1,0
75,69,45.5,1,0
41,46,41.6,1,0
46,41,41.6,1,0
34,46,33.6,2,1
46,34,33.6,1,-1
61,69,45.5,1,0
69,61,45.5,1,0
46,45,35.4,1,-1
45,46,35.4,2,1
78,93,60.7,1,-1
93,78,60.7,3,1
44,44,51.1,1,-1
44,44,51.1,2,1
44,28,35.1,2,1
28,44,35.1,1,-1
34,34,39.3,3,1
34,34,39.3,1,-1
40,40,57.4,2,-1
40,40,57.4,3,1
45,86,33.1,2,0
86,45,33.1,2,0
40,24,39.8,1,-1
24,40,39.8,2,1
44,40,46.5,1,-1
40,44,46.5,2,1
44,45,54.2,1,-1
45,44,54.2,2,1
86,41,60,5,1
41,86,60,4,-1
40,34,54.5,1,-1
34,40,54.5,3,1
40,75,59.7,1,-1
75,40,59.7,3,1
46,75,48.5,1,0
75,46,48.5,1,0
45,75,24.4,1,-1
75,45,24.4,5,1
40,78,33.3,1,-1
78,40,33.3,2,1
40,28,45.6,1,0
28,40,45.6,1,0
93,93,37.6,1,-1
93,93,37.6,2,1
86,93,54.1,1,-1
93,86,54.1,3,1
46,44,55.6,1,0
44,46,55.6,1,0
61,34,52.9,1,0
34,61,52.9,1,0
45,34,46.7,1,0
34,45,46.7,1,0
78,93,67.3,3,0
93,78,67.3,3,0
75,61,58.3,1,-1
61,75,58.3,3,1
46,41,46,2,-1
41,46,46,4,1
78,40,55,2,1
40,78,55,1,-1
76,44,63.8,4,1
44,76,63.8,1,-1
75,44,64.4,3,1
44,75,64.4,1,-1
61,46,45.7,6,1
46,61,45.7,3,-1
28,24,62.4,3,1
24,28,62.4,1,-1
40,46,30.6,3,1
46,40,30.6,2,-1
34,76,27.8,2,0
76,34,27.8,2,0
40,86,46,1,-1
86,40,46,4,1
93,45,66.9,1,-1
45,93,66.9,3,1
24,76,29.3,2,0
76,24,29.3,2,0
41,45,56.2,1,-1
45,41,56.2,4,1
34,41,56.9,3,0
41,34,56.9,3,0
78,41,68.8,2,1
41,78,68.8,1,-1
86,93,45.5,2,1
93,86,45.5,1,-1
41,44,43.9,1,-1
44,41,43.9,4,1
78,46,77.9,2,1
46,78,77.9,1,-1
45,45,44.8,3,0
45,45,44.8,3,0
34,75,59,1,-1
75,34,59,2,1
41,45,35.9,2,0
45,41,35.9,2,0
86,28,65.2,1,-1
28,86,65.2,2,1
40,24,45.8,4,1
24,40,45.8,1,-1
69,86,40.2,1,-1
86,69,40.2,2,1
40,40,39.6,1,0
40,40,39.6,1,0
46,44,59.1,4,1
44,46,59.1,2,-1
46,28,55.1,1,0
28,46,55.1,1,0
44,78,62.3,4,1
78,44,62.3,2,-1
61,41,56.6,2,-1
41,61,56.6,3,1
24,34,38.3,2,-1
34,24,38.3,3,1
46,44,60.8,1,0
44,46,60.8,1,0
45,61,60.3,3,1
61,45,60.3,2,-1
46,78,37.7,1,-1
78,46,37.7,2,1
44,76,35.2,3,1
76,44,35.2,1,-1
78,44,57,1,0
44,78,57,1,0
93,69,71.7,1,0
69,93,71.7,1,0
76,69,44.1,1,-1
69,76,44.1,2,1
28,28,34.5,1,-1
28,28,34.5,3,1
76,86,50.9,2,1
86,76,50.9,1,-1
44,46,48.8,3,1
46,44,48.8,1,-1
45,24,32.2,2,1
24,45,32.2,1,-1
69,40,57.9,2,1
40,69,57.9,1,-1
75,41,56.8,4,1
41,75,56.8,3,-1
45,40,58.4,1,-1
40,45,58.4,4,1
45,40,27.1,1,0
40,45,27.1,1,0
86,41,66.2,4,1
41,86,66.2,1,-1
69,44,60.9,2,1
44,69,60.9,1,-1
41,75,42.5,3,0
75,41,42.5,3,0
45,41,39.5,3,1
41,45,39.5,1,-1
24,46,46.2,1,-1
46,24,46.2,4,1
45,41,44.1,3,1
41,45,44.1,1,-1
41,61,52.9,2,0
61,41,52.9,2,0
75,41,58.5,1,-1
41,75,58.5,2,1
44,40,51,2,1
40,44,51,1,-1
78,40,63.4,2,0
40,78,63.4,2,0
45,46,34.8,2,0
46,45,34.8,2,0
40,44,37.1,2,-1
44,40,37.1,3,1
41,93,34.4,1,-1
93,41,34.4,2,1
34,34,47.2,3,1
34,34,47.2,1,-1
28,46,54.4,1,0
46,28,54.4,1,0
46,61,53.1,3,1
61,46,53.1,2,-1
24,41,36.4,2,-1
41,24,36.4,3,1
41,34,53.5,1,0
34,41,53.5,1,0
40,78,33.2,1,-1
78,40,33.2,2,1
86,61,45.4,2,1
61,86,45.4,1,-1
44,76,30.7,3,1
76,44,30.7,1,-1
28,45,61.5,1,-1
45,28,61.5,3,1
78,75,60.6,2,1
75,78,60.6,1,-1
78,44,69.2,3,0
44,78,69.2,3,0
41,44,56.9,2,1
44,41,56.9,1,-1
69,86,65.1,1,-1
86,69,65.1,4,1
44,24,35.7,2,1
24,44,35.7,1,-1
45,75,64.4,1,0
75,45,64.4,1,0
40,45,26.5,2,0
45,40,26.5,2,0
46,46,67.9,1,-1
46,46,67.9,2,1
44,34,49.5,3,1
34,44,49.5,1,-1
40,44,59.9,1,0
44,40,59.9,1,0
45,24,38.3,1,-1
24,45,38.3,2,1
46,45,56.9,1,-1
45,46,56.9,4,1
69,78,67.1,2,0
78,69,67.1,2,0
44,24,54.7,2,-1
24,44,54.7,4,1
40,40,52.9,3,1
40,40,52.9,2,-1
41,86,28.2,1,-1
86,41,28.2,3,1
41,93,31.1,1,0
93,41,31.1,1,0
41,40,27.1,2,0
40,41,27.1,2,0
45,45,44.4,3,1
45,45,44.4,2,-1
45,69,54.3,1,0
69,45,54.3,1,0
61,34,38.4,1,-1
34,61,38.4,2,1
41,44,50.2,1,-1
44,41,50.2,2,1
44,78,51.7,2,1
78,44,51.7,1,-1
78,61,65.3,3,1
61,78,65.3,1,-1
76,75,53,3,1
75,76,53,1,-1
46,41,61.5,3,1
41,46,61.5,1,-1
28,24,48.9,1,0
24,28,48.9,1,0
46,76,31.4,1,-1
76,46,31.4,2,1
46,46,33.9,2,0
46,46,33.9,2,0
28,93,45.2,1,-1
93,28,45.2,3,1
46,41,47.8,2,1
41,46,47.8,1,-1
41,41,55.7,2,-1
41,41,55.7,3,1
75,40,72.2,1,0
40,75,72.2,1,0
40,24,56.7,1,-1
24,40,56.7,3,1
40,61,28.7,2,1
61,40,28.7,1,-1
44,61,39.9,2,-1
61,44,39.9,4,1
34,45,48.5,3,0
45,34,48.5,3,0
61,78,48.5,2,-1
78,61,48.5,3,1
34,78,32.6,1,0
78,34,32.6,1,0
76,40,40.5,1,0
40,76,40.5,1,0
44,46,51.9,3,-1
46,44,51.9,4,1
28,69,57.3,1,-1
69,28,57.3,3,1
34,28,47.8,4,1
28,34,47.8,2,-1
45,44,51.4,2,1
44,45,51.4,1,-1
76,44,55.7,2,1
44,76,55.7,1,-1
93,45,63.8,2,1
45,93,63.8,1,-1
93,44,48.2,2,1
44,93,48.2,1,-1
75,24,66.8,4,1
24,75,66.8,3,-1
24,44,44,1,0
44,24,44,1,0
24,86,52.8,2,-1
86,24,52.8,4,1
40,46,41.3,2,1
46,40,41.3,1,-1
46,45,51.4,3,1
45,46,51.4,2,-1
86,69,60,2,1
69,86,60,1,-1
45,45,41.9,1,-1
45,45,41.9,3,1
75,40,76.7,1,-1
40,75,76.7,2,1
76,45,80.4,1,0
45,76,80.4,1,0
41,44,53.7,2,-1
44,41,53.7,3,1
40,45,45.7,2,-1
45,40,45.7,4,1
41,44,57.9,2,0
44,41,57.9,2,0
93,46,47.8,4,1
46,93,47.8,1,-1
34,40,34.2,2,1
40,34,34.2,1,-1
86,76,62.7,6,1
76,86,62.7,1,-1
41,78,27.7,2,-1
78,41,27.7,3,1
45,41,29.2,1,-1
41,45,29.2,2,1
44,61,54.6,2,-1
61,44,54.6,3,1
69,41,55.4,1,0
41,69,55.4,1,0
28,78,31.9,2,0
78,28,31.9,2,0
46,86,51.9,1,-1
86,46,51.9,2,1
75,61,48.8,1,-1
61,75,48.8,3,1
40,45,36.8,1,0
45,40,36.8,1,0
69,93,46.2,2,0
93,69,46.2,2,0
69,75,50,1,-1
75,69,50,2,1
46,44,57.8,2,0
44,46,57.8,2,0
46,40,41.1,3,1
40,46,41.1,2,-1
45,44,44.9,2,-1
44,45,44.9,3,1
34,93,55.1,1,-1
93,34,55.1,3,1
28,45,42.9,2,0
45,28,42.9,2,0
34,86,59.5,2,-1
86,34,59.5,4,1
46,40,31.2,3,1
40,46,31.2,1,-1
41,78,47,1,-1
78,41,47,5,1
41,24,30.8,2,1
24,41,30.8,1,-1
61,28,62.4,4,1
28,61,62.4,1,-1
86,40,67.6,2,1
40,86,67.6,1,-1
41,34,29.7,4,1
34,41,29.7,1,-1
40,44,37.9,2,1
44,40,37.9,1,-1
28,46,41.8,1,-1
46,28,41.8,2,1
71,42,61.8,2,1
42,71,61.8,1,-1
50,47,52,2,0
47,50,52,2,0
47,45,66.6,2,0
45,47,66.6,2,0
81,39,44,4,1
39,81,44,2,-1
66,70,50,1,0
70,66,50,1,0
37,63,56.3,2,0
63,37,56.3,2,0
34,42,62.9,1,-1
42,34,62.9,3,1
51,43,47,1,-1
43,51,47,3,1
17,42,45.6,1,0
42,17,45.6,1,0
71,60,59.2,2,1
60,71,59.2,1,-1
42,50,45.1,3,0
50,42,45.1,3,0
39,34,43.9,1,-1
34,39,43.9,3,1
47,37,65.8,2,0
37,47,65.8,2,0
51,45,46.8,2,1
45,51,46.8,1,-1
81,71,30.2,2,-1
71,81,30.2,4,1
17,50,40.4,1,0
50,17,40.4,1,0
81,47,46,1,-1
47,81,46,3,1
34,42,54.6,3,1
42,34,54.6,1,-1
37,70,38.5,5,1
70,37,38.5,1,-1
63,42,49.8,4,1
42,63,49.8,1,-1
51,62,46.7,2,1
62,51,46.7,1,-1
47,66,50,1,0
66,47,50,1,0
45,39,54.2,2,1
39,45,54.2,1,-1
43,60,32.6,1,0
60,43,32.6,1,0
66,42,52.8,4,1
42,66,52.8,1,-1
17,39,52.8,1,0
39,17,52.8,1,0
42,71,57.3,1,-1
71,42,57.3,2,1
42,62,48.6,2,1
62,42,48.6,1,-1
45,66,48.5,1,-1
66,45,48.5,2,1
63,60,51,2,0
60,63,51,2,0
39,45,28.7,2,0
45,39,28.7,2,0
37,34,48.7,1,0
34,37,48.7,1,0
71,37,63.4,1,0
37,71,63.4,1,0
50,34,63.2,2,-1
34,50,63.2,3,1
43,51,44.2,2,1
51,43,44.2,1,-1
51,42,58.4,1,-1
42,51,58.4,2,1
66,81,65.9,1,-1
81,66,65.9,3,1
43,51,39.4,2,0
51,43,39.4,2,0
42,43,51.5,1,0
43,42,51.5,1,0
70,47,64.6,1,-1
47,70,64.6,3,1
51,51,48.7,4,1
51,51,48.7,2,-1
60,43,64.4,1,-1
43,60,64.4,2,1
66,70,53.3,2,-1
70,66,53.3,3,1
62,47,50.8,1,0
47,62,50.8,1,0
17,81,45.8,2,1
81,17,45.8,1,-1
45,42,43.3,1,0
42,45,43.3,1,0
45,60,35.1,3,1
60,45,35.1,1,-1
62,43,64.8,1,0
43,62,64.8,1,0
70,17,61.3,3,1
17,70,61.3,1,-1
50,34,64.4,1,-1
34,50,64.4,2,1
66,66,56.5,1,-1
66,66,56.5,4,1
39,42,33.4,1,0
42,39,33.4,1,0
62,43,51.3,3,1
43,62,51.3,1,-1
42,51,67.4,2,-1
51,42,67.4,3,1
81,60,36.1,2,-1
60,81,36.1,3,1
39,45,27.5,1,-1
45,39,27.5,2,1
62,42,49.4,1,0
42,62,49.4,1,0
63,17,56.2,2,1
17,63,56.2,1,-1
47,39,51.2,2,-1
39,47,51.2,4,1
17,62,59.1,1,0
62,17,59.1,1,0
47,42,58.5,1,0
42,47,58.5,1,0
34,50,45.8,3,1
50,34,45.8,1,-1
43,81,47.7,2,-1
81,43,47.7,3,1
47,17,59.9,4,1
17,47,59.9,2,-1
50,39,65.6,1,0
39,50,65.6,1,0
42,70,36.1,1,-1
70,42,36.1,3,1
60,71,59.5,3,0
71,60,59.5,3,0
42,45,55.2,1,0
45,42,55.2,1,0
47,42,62,1,0
42,47,62,1,0
71,70,54.9,1,0
70,71,54.9,1,0
66,60,58.4,1,-1
60,66,58.4,4,1
60,43,70.4,2,0
43,60,70.4,2,0
45,70,37.5,1,-1
70,45,37.5,2,1
47,47,59.7,1,-1
47,47,59.7,2,1
50,43,61.1,2,0
43,50,61.1,2,0
50,45,62.4,2,0
45,50,62.4,2,0
71,81,72.1,2,1
81,71,72.1,1,-1
45,66,45,3,1
66,45,45,2,-1
47,43,47,1,0
43,47,47,1,0
37,51,48.3,3,1
51,37,48.3,1,-1
81,62,35.2,6,1
62,81,35.2,2,-1
17,60,32,2,1
60,17,32,1,-1
42,63,67.3,1,0
63,42,67.3,1,0
34,47,41.4,1,0
47,34,41.4,1,0
62,63,49.1,2,1
63,62,49.1,1,-1
66,37,55.4,1,-1
37,66,55.4,3,1
66,66,45.8,3,-1
66,66,45.8,4,1
39,42,33.6,1,0
42,39,33.6,1,0
51,42,34.3,3,1
42,51,34.3,1,-1
42,63,49.4,2,1
63,42,49.4,1,-1
17,81,36.9,1,-1
81,17,36.9,2,1
45,47,58.7,1,-1
47,45,58.7,2,1
42,39,57.3,2,1
39,42,57.3,1,-1
71,37,51,1,-1
37,71,51,4,1
60,63,52.1,5,1
63,60,52.1,2,-1
45,50,49.4,1,-1
50,45,49.4,5,1
37,66,45.1,1,-1
66,37,45.1,3,1
51,66,53.1,2,1
66,51,53.1,1,-1
42,70,36.2,2,-1
70,42,36.2,4,1
62,70,44.2,1,0
70,62,44.2,1,0
37,42,41.7,2,-1
42,37,41.7,3,1
51,34,64.4,3,1
34,51,64.4,1,-1
63,71,35.2,4,1
71,63,35.2,1,-1
45,43,46.1,2,1
43,45,46.1,1,-1
47,47,54.7,1,-1
47,47,54.7,3,1
66,43,67.7,2,1
43,66,67.7,1,-1
66,62,56.4,2,1
62,66,56.4,1,-1
70,70,59.2,1,0
70,70,59.2,1,0
51,66,41.5,2,1
66,51,41.5,1,-1
47,37,55.8,3,1
37,47,55.8,1,-1
47,71,67.1,2,1
71,47,67.1,1,-1
71,66,37.3,2,1
66,71,37.3,1,-1
81,81,53.5,1,0
81,81,53.5,1,0
47,43,55.5,1,0
43,47,55.5,1,0
70,17,54,2,0
17,70,54,2,0
34,17,51.7,1,-1
17,34,51.7,2,1
45,50,34.9,3,0
50,45,34.9,3,0
39,66,32.8,1,-1
66,39,32.8,2,1
47,42,45.3,1,-1
42,47,45.3,3,1
34,34,54.6,3,1
34,34,54.6,2,-1
62,42,51.6,2,0
42,62,51.6,2,0
42,47,57.3,3,0
47,42,57.3,3,0
47,81,67.4,2,-1
81,47,67.4,3,1
34,63,41.6,1,-1
63,34,41.6,3,1
47,39,45.1,3,1
39,47,45.1,2,-1
66,50,66.3,1,0
50,66,66.3,1,0
66,42,50.7,1,-1
42,66,50.7,5,1
37,66,46.3,1,0
66,37,46.3,1,0
34,39,30.8,2,-1
39,34,30.8,3,1
17,60,55.1,1,0
60,17,55.1,1,0
47,81,54.4,1,0
81,47,54.4,1,0
66,81,68.9,1,0
81,66,68.9,1,0
34,47,41.9,1,-1
47,34,41.9,3,1
63,42,54.1,1,-1
42,63,54.1,2,1
51,50,42.2,1,-1
50,51,42.2,3,1
66,51,53.2,4,1
51,66,53.2,3,-1
47,47,58.7,1,0
47,47,58.7,1,0
63,71,50.7,1,-1
71,63,50.7,4,1
45,60,44.4,2,0
60,45,44.4,2,0
45,62,33.9,2,0
62,45,33.9,2,0
42,17,49.9,2,1
17,42,49.9,1,-1
39,71,29.8,2,0
71,39,29.8,2,0
66,17,66.2,1,-1
17,66,66.2,2,1
70,43,66.5,1,0
43,70,66.5,1,0
34,37,33.1,1,-1
37,34,33.1,3,1
47,70,65.5,1,0
70,47,65.5,1,0
62,66,41.3,3,1
66,62,41.3,2,-1
39,50,31.4,3,1
50,39,31.4,1,-1
34,66,64,3,1
66,34,64,1,-1
34,63,31.4,1,-1
63,34,31.4,2,1
51,34,51.2,4,1
34,51,51.2,1,-1
51,50,57.4,1,-1
50,51,57.4,2,1
70,62,52.7,2,1
62,70,52.7,1,-1
47,43,48.1,4,1
43,47,48.1,1,-1
39,47,39.3,1,0
47,39,39.3,1,0
47,42,56.5,2,1
42,47,56.5,1,-1
17,63,42,2,-1
63,17,42,4,1
45,81,52,1,0
81,45,52,1,0
42,50,45.3,1,-1
50,42,45.3,4,1
43,50,43.9,2,-1
50,43,43.9,3,1
37,42,49.5,1,-1
42,37,49.5,3,1
42,63,54.2,4,0
63,42,54.2,4,0
66,81,59.8,2,-1
81,66,59.8,4,1
47,39,61.7,2,1
39,47,61.7,1,-1
51,39,53.6,1,0
39,51,53.6,1,0
60,37,67,2,0
37,60,67,2,0
42,81,56.1,1,0
81,42,56.1,1,0
47,60,47.6,3,1
60,47,47.6,1,-1
50,42,63.7,1,-1
42,50,63.7,2,1
45,17,64.7,3,1
17,45,64.7,2,-1
60,43,62.7,3,0
43,60,62.7,3,0
66,45,58.7,2,1
45,66,58.7,1,-1
71,42,73.7,1,0
42,71,73.7,1,0
43,63,31.4,1,-1
63,43,31.4,3,1
34,47,38.9,1,-1
47,34,38.9,2,1
66,70,64.5,1,-1
70,66,64.5,2,1
51,47,32.4,1,-1
47,51,32.4,3,1
50,81,61.2,1,-1
81,50,61.2,3,1
17,66,51.3,2,-1
66,17,51.3,3,1
60,34,44.3,1,-1
34,60,44.3,3,1
42,39,52.3,1,0
39,42,52.3,1,0
45,47,39.2,1,-1
47,45,39.2,2,1
37,42,60.9,1,-1
42,37,60.9,2,1
39,71,46.9,2,1
71,39,46.9,1,-1
60,34,58.9,1,0
34,60,58.9,1,0
66,62,71.5,1,-1
62,66,71.5,2,1
37,45,57.6,1,-1
45,37,57.6,2,1
63,66,40.8,2,-1
66,63,40.8,3,1
51,81,54.1,2,0
81,51,54.1,2,0
47,42,47.9,1,-1
42,47,47.9,2,1
71,60,58,5,1
60,71,58,3,-1
17,66,37.6,2,-1
66,17,37.6,3,1
39,50,33.8,2,0
50,39,33.8,2,0
63,47,41.5,3,1
47,63,41.5,1,-1
51,42,43.7,2,1
42,51,43.7,1,-1
70,66,46,4,1
66,70,46,1,-1
45,43,55.3,1,-1
43,45,55.3,2,1
47,62,54,3,1
62,47,54,2,-1
34,71,57.1,2,-1
71,34,57.1,3,1
66,42,62.2,1,0
42,66,62.2,1,0
45,50,45.6,1,0
50,45,45.6,1,0
63,42,39.8,3,1
42,63,39.8,2,-1
43,60,39.6,1,0
60,43,39.6,1,0
66,37,64.3,6,1
37,66,64.3,1,-1
34,81,66.2,1,-1
81,34,66.2,2,1
39,62,44.1,2,0
62,39,44.1,2,0
47,70,45.6,2,0
70,47,45.6,2,0
50,17,49,2,1
17,50,49,1,-1
42,62,38.5,1,-1
62,42,38.5,3,1
47,66,47.2,3,-1
66,47,47.2,5,1
42,37,45.6,1,-1
37,42,45.6,6,1
34,63,55.8,2,0
63,34,55.8,2,0
81,47,49.4,2,1
47,81,49.4,1,-1
70,43,48.5,3,1
43,70,48.5,1,-1
39,47,43.8,2,1
47,39,43.8,1,-1
17,47,47.9,1,-1
47,17,47.9,2,1
42,70,45.8,1,-1
70,42,45.8,5,1
81,42,47.7,1,0
42,81,47.7,1,0
63,66,39.7,1,0
66,63,39.7,1,0
51,39,66.2,2,-1
39,51,66.2,3,1
37,50,60.3,2,1
50,37,60.3,1,-1
50,60,42.6,1,-1
60,50,42.6,3,1
42,39,44.6,6,1
39,42,44.6,2,-1
66,34,70.8,2,1
34,66,70.8,1,-1
51,37,55.3,1,-1
37,51,55.3,4,1
47,50,33.4,4,1
50,47,33.4,1,-1
51,51,51.3,1,0
51,51,51.3,1,0
63,66,39.4,2,-1
66,63,39.4,3,1
71,81,61.1,2,1
81,71,61.1,1,-1
63,60,54,1,-1
60,63,54,2,1
39,47,37.7,3,1
47,39,37.7,1,-1
66,60,56.8,1,0
60,66,56.8,1,0
70,47,57.8,1,-1
47,70,57.8,2,1
62,62,58.4,3,0
62,62,58.4,3,0
45,63,53.8,1,0
63,45,53.8,1,0
50,66,65.4,2,1
66,50,65.4,1,-1
47,17,45.6,4,1
17,47,45.6,2,-1
62,51,40.6,2,0
51,62,40.6,2,0
17,34,44.7,1,-1
34,17,44.7,3,1
37,37,57.3,2,1
37,37,57.3,1,-1
42,42,50.7,3,1
42,42,50.7,1,-1
70,47,57.2,2,1
47,70,57.2,1,-1
51,47,47.2,2,0
47,51,47.2,2,0
63,39,65.1,1,0
39,63,65.1,1,0
47,45,54.3,2,1
45,47,54.3,1,-1
34,43,44.2,1,-1
43,34,44.2,3,1
42,62,53.9,2,0
62,42,53.9,2,0
42,70,33.4,2,0
70,42,33.4,2,0
71,37,48.2,2,1
37,71,48.2,1,-1
39,62,40.1,1,0
62,39,40.1,1,0
39,42,47.2,1,-1
42,39,47.2,2,1
45,63,50.2,1,-1
63,45,50.2,3,1
60,71,50.8,2,1
71,60,50.8,1,-1
47,42,37.4,2,1
42,47,37.4,1,-1
34,66,48,1,0
66,34,48,1,0
17,47,46.2,1,-1
47,17,46.2,3,1
60,51,52.9,4,1
51,60,52.9,1,-1
71,43,71.4,2,-1
43,71,71.4,3,1
42,63,37.2,2,0
63,42,37.2,2,0
43,17,37.9,1,-1
17,43,37.9,2,1
45,51,52.1,1,-1
51,45,52.1,2,1
81,43,65,2,0
43,81,65,2,0
63,37,50.6,3,1
37,63,50.6,1,-1
42,47,44,3,1
47,42,44,2,-1
43,34,50.1,1,0
34,43,50.1,1,0
50,39,53,2,0
39,50,53,2,0
81,37,49.9,1,-1
37,81,49.9,4,1
45,42,31,2,0
42,45,31,2,0
47,50,39.3,1,0
50,47,39.3,1,0
50,17,44.7,1,-1
17,50,44.7,4,1
62,70,34.9,1,-1
70,62,34.9,3,1
66,42,53,2,1
42,66,53,1,-1
60,66,49.6,3,1
66,60,49.6,1,-1
47,66,58.1,1,0
66,47,58.1,1,0
45,71,38.7,3,0
71,45,38.7,3,0
71,42,71.7,1,0
42,71,71.7,1,0
42,60,51.3,1,-1
60,42,51.3,2,1
75,48,76,2,1
48,75,76,1,-1
33,87,38.6,1,-1
87,33,38.6,3,1
41,47,36.7,2,0
47,41,36.7,2,0
62,60,56.1,2,1
60,62,56.1,1,-1
70,56,59.6,1,-1
56,70,59.6,2,1
39,30,44.2,2,1
30,39,44.2,1,-1
54,44,63.1,1,-1
44,54,63.1,2,1
38,47,42.2,2,1
47,38,42.2,1,-1
38,41,40.4,2,1
41,38,40.4,1,-1
47,47,54.1,3,1
47,47,54.1,2,-1
75,35,54.2,2,1
35,75,54.2,1,-1
54,79,57.3,1,-1
79,54,57.3,3,1
62,60,47.1,1,0
60,62,47.1,1,0
70,56,55.3,1,0
56,70,55.3,1,0
33,30,44.6,4,1
30,33,44.6,2,-1
35,33,55.1,1,-1
33,35,55.1,3,1
87,41,38.7,6,1
41,87,38.7,1,-1
75,79,68.3,1,0
79,75,68.3,1,0
39,48,64.3,3,0
48,39,64.3,3,0
30,38,39.7,1,-1
38,30,39.7,3,1
44,47,44.1,3,1
47,44,44.1,1,-1
60,75,63.6,3,1
75,60,63.6,2,-1
79,87,54.7,2,-1
87,79,54.7,4,1
56,48,44.8,2,0
48,56,44.8,2,0
47,62,59.1,2,1
62,47,59.1,1,-1
70,30,68.5,4,0
30,70,68.5,4,0
39,38,49.7,1,-1
38,39,49.7,2,1
64,44,62,2,0
44,64,62,2,0
38,75,29.1,1,-1
75,38,29.1,3,1
33,48,44.3,2,-1
48,33,44.3,3,1
41,70,42.8,5,1
70,41,42.8,3,-1
79,87,58.5,1,0
87,79,58.5,1,0
39,35,63,2,0
35,39,63,2,0
30,54,52.5,2,0
54,30,52.5,2,0
56,64,44,1,0
64,56,44,1,0
47,62,37.9,3,1
62,47,37.9,1,-1
75,64,68.6,1,0
64,75,68.6,1,0
87,38,62.5,3,1
38,87,62.5,2,-1
41,79,60.4,2,-1
79,41,60.4,4,1
62,47,46.4,1,0
47,62,46.4,1,0
70,47,57.4,2,1
47,70,57.4,1,-1
60,30,55.4,2,1
30,60,55.4,1,-1
54,39,44.1,1,-1
39,54,44.1,4,1
33,44,37.3,1,0
44,33,37.3,1,0
47,54,57.9,1,0
54,47,57.9,1,0
70,70,48,1,-1
70,70,48,2,1
33,47,46.7,1,-1
47,33,46.7,3,1
38,39,42.9,2,1
39,38,42.9,1,-1
62,60,64.5,1,0
60,62,64.5,1,0
48,87,28.5,1,-1
87,48,28.5,2,1
56,41,49.5,2,0
41,56,49.5,2,0
47,87,40.5,2,0
87,47,40.5,2,0
44,38,26.3,3,1
38,44,26.3,1,-1
39,33,33.1,2,1
33,39,33.1,1,-1
35,62,52.8,3,1
62,35,52.8,1,-1
79,64,61.7,4,1
64,79,61.7,1,-1
44,48,68.8,2,0
48,44,68.8,2,0
62,87,58.4,1,-1
87,62,58.4,2,1
47,47,56.3,2,1
47,47,56.3,1,-1
39,41,50.5,1,-1
41,39,50.5,2,1
47,79,30.5,2,1
79,47,30.5,1,-1
70,48,71.4,1,0
48,70,71.4,1,0
64,30,72.7,2,0
30,64,72.7,2,0
62,87,56.5,3,1
87,62,56.5,2,-1
75,33,53,3,1
33,75,53,2,-1
79,41,58.6,2,-1
41,79,58.6,8,1
38,35,47.4,1,-1
35,38,47.4,2,1
48,64,40.9,1,-1
64,48,40.9,2,1
60,41,64.4,2,0
41,60,64.4,2,0
56,54,40.6,1,-1
54,56,40.6,2,1
56,41,57,1,-1
41,56,57,2,1
33,87,46.5,2,0
87,33,46.5,2,0
30,38,35.5,1,0
38,30,35.5,1,0
47,39,58.2,1,0
39,47,58.2,1,0
30,70,46,2,0
70,30,46,2,0
62,44,54.1,2,1
44,62,54.1,1,-1
48,38,53.5,1,-1
38,48,53.5,3,1
56,75,48.1,2,1
75,56,48.1,1,-1
54,33,72.7,1,-1
33,54,72.7,2,1
33,47,38.1,1,-1
47,33,38.1,3,1
70,47,48.7,2,1
47,70,48.7,1,-1
47,54,66.7,1,-1
54,47,66.7,2,1
33,38,46.9,1,0
38,33,46.9,1,0
62,54,65.9,3,1
54,62,65.9,1,-1
35,44,47.2,1,-1
44,35,47.2,2,1
33,30,44.8,2,1
30,33,44.8,1,-1
70,87,51.7,1,0
87,70,51.7,1,0
56,39,62.9,2,0
39,56,62.9,2,0
47,56,55.8,3,1
56,47,55.8,1,-1
48,60,42.9,1,-1
60,48,42.9,3,1
87,39,63,2,0
39,87,63,2,0
38,60,64.8,1,-1
60,38,64.8,4,1
39,47,48.7,1,0
47,39,48.7,1,0
48,64,41.6,2,1
64,48,41.6,1,-1
33,60,40.2,1,-1
60,33,40.2,2,1
30,41,51.5,1,0
41,30,51.5,1,0
64,47,50.4,2,1
47,64,50.4,1,-1
79,87,61.8,1,-1
87,79,61.8,2,1
35,35,40.4,2,0
35,35,40.4,2,0
62,54,47.7,1,-1
54,62,47.7,3,1
39,41,38.1,1,0
41,39,38.1,1,0
38,54,62.4,1,0
54,38,62.4,1,0
70,35,76.4,3,1
35,70,76.4,1,-1
35,70,52.4,3,1
70,35,52.4,1,-1
47,30,53.5,3,1
30,47,53.5,1,-1
30,41,59,3,1
41,30,59,2,-1
56,38,43.4,1,0
38,56,43.4,1,0
41,60,42.7,1,-1
60,41,42.7,3,1
44,79,47.9,1,-1
79,44,47.9,3,1
56,47,60.8,1,0
47,56,60.8,1,0
70,62,54.7,3,1
62,70,54.7,1,-1
35,47,48.5,1,0
47,35,48.5,1,0
56,48,64.3,1,0
48,56,64.3,1,0
35,38,61.9,1,-1
38,35,61.9,2,1
56,64,53.5,1,-1
64,56,53.5,2,1
64,47,38.6,2,1
47,64,38.6,1,-1
62,56,43.5,4,1
56,62,43.5,1,-1
33,48,50.8,2,-1
48,33,50.8,3,1
44,38,48.6,1,0
38,44,48.6,1,0
79,33,62.3,2,0
33,79,62.3,2,0
47,70,68.8,1,0
70,47,68.8,1,0
47,39,47.5,1,-1
39,47,47.5,3,1
47,41,47,2,1
41,47,47,1,-1
35,75,56.6,1,0
75,35,56.6,1,0
60,62,41.4,2,0
62,60,41.4,2,0
75,33,36.5,2,1
33,75,36.5,1,-1
39,60,57.8,1,0
60,39,57.8,1,0
87,39,60.8,1,0
39,87,60.8,1,0
60,79,42,2,-1
79,60,42,3,1
48,62,27.5,1,-1
62,48,27.5,3,1
54,44,50.7,2,0
44,54,50.7,2,0
39,70,51.8,1,-1
70,39,51.8,2,1
54,64,36,1,-1
64,54,36,5,1
30,44,43.4,3,1
44,30,43.4,2,-1
56,30,59,2,1
30,56,59,1,-1
75,64,42.2,2,0
64,75,42.2,2,0
38,60,35.2,1,-1
60,38,35.2,3,1
47,48,56.2,1,0
48,47,56.2,1,0
38,35,69.2,3,1
35,38,69.2,2,-1
44,47,57.6,1,-1
47,44,57.6,2,1
35,47,44.5,2,-1
47,35,44.5,5,1
38,33,52,2,1
33,38,52,1,-1
87,64,38.7,3,1
64,87,38.7,2,-1
41,87,41.2,2,1
87,41,41.2,1,-1
79,47,57.2,1,-1
47,79,57.2,2,1
41,35,52.2,1,0
35,41,52.2,1,0
79,38,63.8,3,1
38,79,63.8,2,-1
48,75,54.1,1,-1
75,48,54.1,2,1
30,38,44.1,1,0
38,30,44.1,1,0
79,39,64.5,4,1
39,79,64.5,3,-1
33,33,48.5,3,1
33,33,48.5,1,-1
38,41,64.8,2,1
41,38,64.8,1,-1
30,56,41.4,1,0
56,30,41.4,1,0
87,47,64.7,2,0
47,87,64.7,2,0
75,70,58.5,1,0
70,75,58.5,1,0
79,47,51.3,1,-1
47,79,51.3,5,1
87,39,53.8,3,1
39,87,53.8,2,-1
87,47,66.5,1,0
47,87,66.5,1,0
44,30,54.2,1,-1
30,44,54.2,2,1
33,54,49,3,1
54,33,49,1,-1
70,54,48.1,2,-1
54,70,48.1,3,1
75,64,57.5,2,1
64,75,57.5,1,-1
38,48,39.5,1,-1
48,38,39.5,2,1
38,47,58.2,1,-1
47,38,58.2,3,1
64,79,48.4,4,1
79,64,48.4,2,-1
64,41,65.8,4,1
41,64,65.8,3,-1
30,39,47.5,2,1
39,30,47.5,1,-1
60,48,62.2,1,0
48,60,62.2,1,0
62,47,52.2,1,0
47,62,52.2,1,0
33,47,34.4,3,1
47,33,34.4,2,-1
38,30,40.4,4,1
30,38,40.4,1,-1
47,38,53.9,1,-1
38,47,53.9,6,1
38,47,64.4,1,0
47,38,64.4,1,0
48,70,37.5,1,-1
70,48,37.5,2,1
35,62,31.2,1,0
62,35,31.2,1,0
48,60,38.3,1,-1
60,48,38.3,2,1
35,62,46,4,1
62,35,46,1,-1
38,33,50.6,2,0
33,38,50.6,2,0
41,56,41.1,2,1
56,41,41.1,1,-1
75,44,67.7,3,1
44,75,67.7,1,-1
54,48,56.8,1,-1
48,54,56.8,4,1
33,79,40,2,-1
79,33,40,4,1
79,41,69.5,2,1
41,79,69.5,1,-1
79,47,66.8,2,1
47,79,66.8,1,-1
41,39,47.9,3,1
39,41,47.9,1,-1
56,47,50.9,1,0
47,56,50.9,1,0
87,54,60.5,2,1
54,87,60.5,1,-1
64,35,55.7,2,1
35,64,55.7,1,-1
41,60,30.8,2,1
60,41,30.8,1,-1
64,62,61.1,3,1
62,64,61.1,2,-1
30,35,37.9,1,-1
35,30,37.9,2,1
87,64,57.1,3,1
64,87,57.1,1,-1
48,79,25.9,2,1
79,48,25.9,1,-1
44,87,40.5,3,1
87,44,40.5,2,-1
47,30,56.3,6,1
30,47,56.3,2,-1
60,70,51.7,1,0
70,60,51.7,1,0
62,70,41.7,1,-1
70,62,41.7,2,1
44,41,45.9,2,-1
41,44,45.9,3,1
47,60,45.1,1,0
60,47,45.1,1,0
47,64,54.7,2,-1
64,47,54.7,3,1
56,39,39,2,1
39,56,39,1,-1
44,75,39,1,-1
75,44,39,2,1
60,79,56.3,1,-1
79,60,56.3,3,1
44,54,22.4,1,0
54,44,22.4,1,0
41,47,49.6,2,1
47,41,49.6,1,-1
75,44,63.7,4,1
44,75,63.7,1,-1
75,47,67.9,3,0
47,75,67.9,3,0
64,33,55,1,0
33,64,55,1,0
56,54,47.4,2,1
54,56,47.4,1,-1
75,75,49.1,2,-1
75,75,49.1,3,1
38,38,23.6,1,0
38,38,23.6,1,0
33,79,29.8,1,-1
79,33,29.8,2,1
64,30,55,1,0
30,64,55,1,0
47,38,47.7,2,-1
38,47,47.7,3,1
30,38,36.2,3,1
38,30,36.2,1,-1
39,38,46.8,3,1
38,39,46.8,1,-1
87,60,60.9,1,0
60,87,60.9,1,0
62,48,66.3,1,-1
48,62,66.3,3,1
47,70,34.9,3,1
70,47,34.9,1,-1
33,33,39.8,2,1
33,33,39.8,1,-1
87,70,29.6,1,-1
70,87,29.6,3,1
35,48,41.6,1,0
48,35,41.6,1,0
56,30,52.6,3,1
30,56,52.6,1,-1
70,75,57.4,1,0
75,70,57.4,1,0
79,38,44.9,3,1
38,79,44.9,2,-1
75,54,67.9,1,0
54,75,67.9,1,0
48,44,43.1,2,1
44,48,43.1,1,-1
30,47,45,4,1
47,30,45,1,-1
47,39,54.1,3,1
39,47,54.1,2,-1
56,33,51.8,3,1
33,56,51.8,1,-1
35,39,40.9,2,-1
39,35,40.9,5,1
30,60,54.3,1,-1
60,30,54.3,2,1
64,79,63.8,2,0
79,64,63.8,2,0
60,47,45.5,2,-1
47,60,45.5,3,1
64,41,50.6,2,1
41,64,50.6,1,-1
39,47,40.8,2,1
47,39,40.8,1,-1
56,44,53.5,1,-1
44,56,53.5,2,1
56,35,64.4,1,0
35,56,64.4,1,0
54,62,45.5,6,1
62,54,45.5,1,-1
41,87,37.1,1,-1
87,41,37.1,3,1
35,87,52.7,3,1
87,35,52.7,1,-1
47,54,43.9,1,0
54,47,43.9,1,0
62,79,48,2,1
79,62,48,1,-1
62,47,66.1,2,1
47,62,66.1,1,-1
79,30,49.1,4,1
30,79,49.1,1,-1
70,38,73.4,2,-1
38,70,73.4,3,1
41,38,28.6,1,-1
38,41,28.6,2,1
56,38,59.6,1,0
38,56,59.6,1,0
39,38,49.5,1,0
38,39,49.5,1,0
38,54,52.2,1,-1
54,38,52.2,2,1
64,75,56,2,1
75,64,56,1,-1
30,64,37.5,1,-1
64,30,37.5,2,1
54,30,51.5,3,1
30,54,51.5,1,-1
87,33,61,1,0
33,87,61,1,0
47,70,41.2,1,0
70,47,41.2,1,0
54,35,57.9,1,-1
35,54,57.9,2,1
33,75,50.3,1,-1
75,33,50.3,2,1
75,41,57.1,2,1
41,75,57.1,1,-1
44,60,35.7,1,-1
60,44,35.7,3,1
47,41,58,2,0
41,47,58,2,0
35,38,37.8,2,1
38,35,37.8,1,-1
48,38,33.6,3,1
38,48,33.6,1,-1
87,35,49,2,0
35,87,49,2,0
30,70,45.9,1,-1
70,30,45.9,3,1
33,38,42.7,1,-1
38,33,42.7,2,1
44,33,41.8,1,-1
33,44,41.8,2,1
44,79,44,2,-1
79,44,44,5,1
39,38,43.1,1,0
38,39,43.1,1,0
47,48,45.6,2,1
48,47,45.6,1,-1
39,30,46.5,1,0
30,39,46.5,1,0
75,38,56.8,2,0
38,75,56.8,2,0
70,64,64,1,-1
64,70,64,2,1
